27	62722.22222222222	239752.55078125	662.5925925925926	2013	3D Printing
46	31919.543478260868	202299.94521431302	781.8478260869565	2014	3D Printing
73	35685.260273972606	134255.90818640304	462.47945205479454	2015	3D Printing
52	30296.0	143218.1299579327	531.75	2016	3D Printing
44	45823.86363636364	265278.8943536932	658.0909090909091	2017	3D Printing
1	500.0	790.0	10.0	2010	Academic
1	550.0	1100.0	21.0	2011	Academic
1	500.0	542.0	9.0	2012	Academic
1	20000.0	24752.109375	404.0	2013	Academic
37	2729.2972972972975	3735.1656617860535	64.37837837837837	2014	Academic
65	5213.215384615384	8048.475420673077	115.55384615384615	2015	Academic
50	6089.5	9730.960183105468	102.0	2016	Academic
32	26187.40625	59192.16473388672	536.5	2017	Academic
1	15000.0	27869.0	203.0	2012	Accessories
11	17209.090909090908	41884.352982954544	501.45454545454544	2013	Accessories
150	9379.74	16815.42673502604	269.44666666666666	2014	Accessories
236	10481.186440677966	36465.72966184455	300.79237288135596	2015	Accessories
227	10381.431718061674	19787.691884851665	211.4273127753304	2016	Accessories
448	6119.091517857143	14787.46714101519	135.58705357142858	2017	Accessories
3	70666.66666666667	214453.20833333334	5960.666666666667	2013	Action
23	14065.91304347826	16166.053498641304	140.34782608695653	2014	Action
35	7156.6	9301.729450334822	97.88571428571429	2015	Action
24	6943.75	9426.291666666666	58.666666666666664	2016	Action
22	13323.136363636364	15553.095880681818	145.45454545454547	2017	Action
1	15000.0	31392.0	404.0	2012	Animals
3	11500.0	14908.190104166666	139.0	2013	Animals
22	4071.2272727272725	5479.02045510032	92.5	2014	Animals
22	4224.090909090909	7854.409090909091	114.54545454545455	2015	Animals
8	4225.0	5117.125	95.25	2016	Animals
7	9000.0	23438.51004464286	298.2857142857143	2017	Animals
4	6124.75	6973.952392578125	103.25	2009	Animation
32	9275.9375	10464.690364837646	131.9375	2010	Animation
71	6387.633802816901	8301.24678404902	112.32394366197182	2011	Animation
120	20525.241666666665	27585.444918251036	430.45	2012	Animation
118	24485.754237288136	41300.00482229459	647.5338983050848	2013	Animation
100	19814.16	31615.372450561525	444.06	2014	Animation
91	20272.406593406595	29820.178230034126	433.04395604395603	2015	Animation
71	26795.830985915494	55353.038116884905	566.5352112676056	2016	Animation
75	26133.906666666666	39323.08980204265	336.6666666666667	2017	Animation
2	4000.0	7951.0498046875	115.0	2010	Anthologies
1	2500.0	3054.02001953125	76.0	2011	Anthologies
10	8044.5	22090.022265625	377.4	2012	Anthologies
12	10641.666666666666	23463.368245442707	669.4166666666666	2013	Anthologies
68	6026.455882352941	11257.159553079044	250.11764705882354	2014	Anthologies
131	7985.3893129770995	17237.616408486403	369.9389312977099	2015	Anthologies
147	9929.6462585034	17752.50353007414	313.27891156462584	2016	Anthologies
150	10737.046666666667	15748.747659505209	302.20666666666665	2017	Anthologies
2	40000.0	548741.376953125	4958.0	2013	Apparel
280	9792.503571428571	20342.814801495417	201.86428571428573	2014	Apparel
430	11967.727906976745	22458.151365484195	202.43255813953488	2015	Apparel
362	15044.519337016574	37975.205218489	257.37016574585635	2016	Apparel
340	12565.641176470588	30637.215685317096	208.95882352941177	2017	Apparel
2	4000.0	4362.844970703125	75.5	2010	Apps
3	20000.0	21707.572916666668	496.0	2011	Apps
5	13600.0	21584.48974609375	2517.8	2012	Apps
5	14000.0	15938.4021484375	412.6	2013	Apps
69	11003.014492753624	16410.047526041668	308.30434782608694	2014	Apps
127	12507.661417322835	16629.08076546136	174.251968503937	2015	Apps
95	15087.326315789474	21221.275077097038	225.56842105263158	2016	Apps
72	16608.48611111111	26011.58681403266	240.08333333333334	2017	Apps
1	7500.0	7649.0	100.0	2010	Architecture
3	7166.666666666667	8355.0	112.33333333333333	2011	Architecture
5	3525.0	4078.88994140625	53.0	2012	Architecture
7	8035.714285714285	8572.142857142857	96.42857142857143	2013	Architecture
32	10757.25	13102.825408935547	123.25	2014	Architecture
59	10235.203389830509	13231.288305250266	113.32203389830508	2015	Architecture
40	23854.775	45801.090502929685	324.45	2016	Architecture
32	17958.09375	28483.896812438965	234.90625	2017	Architecture
19	6607.823683889289	7807.246972335012	105.15789473684211	2009	Art
148	3004.086554449958	3664.2307417586044	62.358108108108105	2010	Art
352	3699.456391768022	4477.699356252497	65.78977272727273	2011	Art
417	4580.79908865876	5433.368298281297	82.11031175059952	2012	Art
440	6429.052272727273	8393.32845028964	99.30681818181819	2013	Art
588	4702.557823129252	6483.079410786531	84.98299319727892	2014	Art
466	5908.356223175966	15081.460819203454	128.00429184549355	2015	Art
407	5971.987714987715	9379.55564239277	89.83783783783784	2016	Art
548	5747.492700729927	13290.427978418169	115.05656934306569	2017	Art
7	4462.142857142857	5105.817086356027	95.85714285714286	2009	Art Books
12	3562.5	5089.193339029948	78.83333333333333	2010	Art Books
87	4626.793103448276	6953.503648779858	104.13793103448276	2011	Art Books
179	5557.776536312849	9986.957246833674	124.55865921787709	2012	Art Books
220	8737.0	17363.571410577948	244.2409090909091	2013	Art Books
175	9135.92	15129.385177873884	219.0857142857143	2014	Art Books
215	10393.590697674419	21398.575651514806	280.2418604651163	2015	Art Books
230	11832.495652173913	23630.188143257474	301.3521739130435	2016	Art Books
231	10353.709956709956	18793.60645799513	218.5930735930736	2017	Art Books
1	1500.0	1945.0	39.0	2010	Audio
23	11591.304347826086	16614.462614639946	86.34782608695652	2014	Audio
40	14457.525	17928.779205322266	181.45	2015	Audio
20	28348.2	35964.55438232422	264.05	2016	Audio
27	15369.481481481482	19831.311914514612	163.0	2017	Audio
1	3000.0	3316.0	63.0	2012	Bacon
6	11813.833333333334	16822.590169270832	366.0	2013	Bacon
20	704.45	1113.3830001831054	36.2	2014	Bacon
8	8101.875	9801.875	88.0	2015	Bacon
2	2505.5	3355.0	26.5	2016	Bacon
1	20000.0	24335.0	150.0	2017	Bacon
6	24833.333333333332	25244.778727213543	229.66666666666666	2013	Blues
28	4437.857142857143	5079.584280831473	63.07142857142857	2014	Blues
36	4938.555555555556	5986.966688368056	75.05555555555556	2015	Blues
25	10973.0	13711.999609375	129.6	2016	Blues
22	8350.0	10669.38906028054	87.5909090909091	2017	Blues
5	1960.0	16052.8	626.0	2013	Calendars
30	5967.133333333333	8246.008984375	123.6	2014	Calendars
35	3580.714285714286	8770.100320870535	182.68571428571428	2015	Calendars
32	6101.46875	13111.2845993042	223.90625	2016	Calendars
26	4441.307692307692	9305.465022160457	210.8846153846154	2017	Calendars
2	20000.0	72732.01171875	1099.0	2011	Camera Equipment
3	30000.0	209568.05859375	1045.3333333333333	2012	Camera Equipment
12	33407.0	119154.86822509766	622.75	2013	Camera Equipment
37	34488.67567567567	138367.6926731419	365.5405405405405	2014	Camera Equipment
47	37212.765957446805	164077.36402925532	930.4893617021277	2015	Camera Equipment
48	26968.125	155489.23069254556	759.25	2016	Camera Equipment
43	38855.79069767442	250443.11627906977	1420.7209302325582	2017	Camera Equipment
4	900.0	1310.5	20.75	2012	Candles
2	3000.0	4145.0	119.0	2013	Candles
13	2299.0	4486.743858924279	89.23076923076923	2014	Candles
15	2198.3333333333335	4787.466666666666	91.46666666666667	2015	Candles
12	1454.1666666666667	1992.0833333333333	39.5	2016	Candles
9	2841.6666666666665	3761.6666666666665	48.77777777777778	2017	Candles
4	6115.75	6655.75	83.75	2012	Ceramics
4	6625.0	8857.875	119.75	2013	Ceramics
26	7421.961538461538	12565.018465482271	119.53846153846153	2014	Ceramics
37	8722.378378378378	11820.075116131757	111.54054054054055	2015	Ceramics
24	7045.833333333333	9831.528752644857	77.95833333333333	2016	Ceramics
37	9626.405405405405	12725.334842166385	91.8108108108108	2017	Ceramics
6	4500.0	5655.263264973958	125.0	2009	Children's Books
12	4200.0	4687.194173177083	73.91666666666667	2010	Children's Books
76	4903.9078947368425	6212.5102482845905	103.01315789473684	2011	Children's Books
277	5446.072202166065	6949.236331650496	112.32129963898917	2012	Children's Books
357	5325.15406162465	6602.891899386708	115.1344537815126	2013	Children's Books
397	5677.342569269522	9266.637258380726	165.88916876574308	2014	Children's Books
424	5798.259433962264	8164.347527270047	131.9056603773585	2015	Children's Books
368	7569.467391304348	13304.054353796917	204.60054347826087	2016	Children's Books
431	6824.795823665893	10968.254617146715	177.33874709976797	2017	Children's Books
3	14283.333333333334	17302.333333333332	156.66666666666666	2013	Childrenswear
22	7900.0	9365.457741477272	114.31818181818181	2014	Childrenswear
27	12085.185185185184	22562.72775607639	289.7037037037037	2015	Childrenswear
15	10080.0	11210.458658854166	135.0	2016	Childrenswear
28	47869.75	49487.84286553519	82.5	2017	Childrenswear
2	1600.0	2130.2149658203125	86.0	2011	Chiptune
1	350.0	590.0	11.0	2012	Chiptune
7	13300.0	68455.76632254464	1879.5714285714287	2013	Chiptune
5	2500.0	3806.1419921875	118.0	2014	Chiptune
6	8158.166666666667	9609.0	182.33333333333334	2015	Chiptune
4	3675.0	4037.25	77.0	2016	Chiptune
2	5049.5	8919.5	40.0	2017	Chiptune
3	19333.333333333332	25352.04296875	538.0	2011	Civic Design
4	33500.0	49468.56298828125	945.25	2012	Civic Design
5	66400.0	71714.097265625	853.8	2013	Civic Design
22	14492.045454545454	16348.55996981534	159.45454545454547	2014	Civic Design
33	14598.727272727272	16886.428836706913	171.45454545454547	2015	Civic Design
22	17077.272727272728	18928.805220170456	145.36363636363637	2016	Civic Design
15	32989.73333333333	45629.69244791667	554.9333333333333	2017	Civic Design
9	2823.0	3160.6533474392363	47.888888888888886	2009	Classical Music
44	3686.931818181818	5393.327320445667	83.0	2010	Classical Music
174	4026.4540229885056	4735.246218626527	57.166666666666664	2011	Classical Music
269	4788.256505576208	5483.139539754081	67.97769516728624	2012	Classical Music
348	5508.698275862069	6624.587728916914	95.23850574712644	2013	Classical Music
271	5556.60147601476	6375.839085427598	69.39852398523985	2014	Classical Music
263	7318.6311787072245	8461.785557271864	73.97718631178707	2015	Classical Music
142	6555.978873239436	7345.531908491967	69.27464788732394	2016	Classical Music
127	9486.220472440946	10908.865272822342	106.51968503937007	2017	Classical Music
5	29020.0	30902.08203125	390.6	2013	Comedy
189	8785.481481481482	11940.931450011238	160.45502645502646	2014	Comedy
265	10528.471698113208	12796.263150888119	162.55094339622642	2015	Comedy
210	14410.352380952381	18311.02764874413	241.94761904761904	2016	Comedy
243	10541.666666666666	13347.92345852322	152.17283950617283	2017	Comedy
1	400.0	2513.050048828125	123.0	2010	Comic Books
1	500.0	2728.989990234375	113.0	2011	Comic Books
5	17140.0	30629.035595703124	510.0	2012	Comic Books
6	8950.0	13519.186848958334	530.8333333333334	2013	Comic Books
211	3869.445497630332	6842.4969914874755	147.71563981042655	2014	Comic Books
397	2892.4534005037785	4792.719516667671	115.14105793450882	2015	Comic Books
443	2783.158013544018	5078.667783302324	133.91647855530474	2016	Comic Books
550	2759.2290909090907	5285.507998657226	134.78	2017	Comic Books
9	4351.111111111111	5943.361019558377	140.0	2009	Comics
107	2903.803738317757	4026.2208440192394	84.40186915887851	2010	Comics
264	3636.3295454545455	5644.156965082342	117.93939393939394	2011	Comics
528	5909.2461931633225	15071.24994471579	291.75	2012	Comics
722	6037.916897506925	14352.48271418014	288.7493074792244	2013	Comics
348	5504.330459770115	11054.505604360296	236.26149425287358	2014	Comics
144	5737.222222222223	15844.567750400967	273.9166666666667	2015	Comics
167	5130.011976047904	10610.141899794162	202.04191616766468	2016	Comics
217	6297.751152073733	11793.062440371184	158.59447004608296	2017	Comics
1	15000.0	18406.0	168.0	2010	Community Gardens
3	3833.3333333333335	5406.100016276042	92.0	2013	Community Gardens
19	5061.210526315789	5437.808439555921	54.10526315789474	2014	Community Gardens
26	4532.307692307692	5024.0796133188105	66.38461538461539	2015	Community Gardens
12	5892.333333333333	6270.666666666667	44.833333333333336	2016	Community Gardens
5	2307.8	2385.26201171875	32.2	2017	Community Gardens
7	1655.429999999968	2130.0342843191966	48.0	2009	Conceptual Art
13	2015.3838454026443	2288.5030517578125	55.15384615384615	2010	Conceptual Art
64	3307.125	3846.88077545166	50.828125	2011	Conceptual Art
79	2170.9112656991692	2573.439873031423	44.151898734177216	2012	Conceptual Art
62	4023.983870967742	5219.1643932711695	108.11290322580645	2013	Conceptual Art
47	2298.191489361702	2616.4968084781726	45.06382978723404	2014	Conceptual Art
40	2574.65	3269.651745605469	44.825	2015	Conceptual Art
25	5542.2	6766.450395507813	103.08	2016	Conceptual Art
29	2713.9310344827586	3610.8430933459053	53.0	2017	Conceptual Art
4	18750.0	32659.27734375	646.25	2013	Cookbooks
38	9222.815789473685	14967.382703279194	330.60526315789474	2014	Cookbooks
34	14802.058823529413	24173.00299431296	426.6470588235294	2015	Cookbooks
26	9655.884615384615	13230.841153658354	211.96153846153845	2016	Cookbooks
28	11974.82142857143	32191.15070452009	464.39285714285717	2017	Cookbooks
9	3244.4444444444443	4309.321099175348	47.333333333333336	2009	Country & Folk
160	4045.033312988281	5122.7205612182615	75.29375	2010	Country & Folk
347	4067.767810304845	4952.14011253335	72.01152737752162	2011	Country & Folk
519	5069.805838583063	6215.407908415748	86.3121387283237	2012	Country & Folk
497	5861.3822937625755	6986.004734338649	102.7605633802817	2013	Country & Folk
436	6676.470183486239	8203.487574866058	108.21330275229357	2014	Country & Folk
329	7087.720364741642	8368.970815919452	101.3677811550152	2015	Country & Folk
261	6699.88122605364	8244.055245936603	118.11494252873563	2016	Country & Folk
254	7313.692913385827	8831.340872216413	118.85826771653544	2017	Country & Folk
1	2000.0	2232.0	37.0	2010	Couture
1	1000.0	1876.0	32.0	2011	Couture
1	5000.0	5127.0	36.0	2012	Couture
3	5783.333333333333	6472.0	38.666666666666664	2013	Couture
10	7805.0	9140.35	100.9	2014	Couture
17	7300.0	7753.411764705882	33.64705882352941	2015	Couture
5	7100.0	9805.6	64.8	2016	Couture
4	77481.25	81996.0	100.5	2017	Couture
2	862.5	1054.5	22.5	2009	Crafts
18	2939.4444444444443	3609.7327677408853	61.72222222222222	2010	Crafts
39	1985.5128205128206	2398.2882119203227	52.92307692307692	2011	Crafts
102	1265.686274509804	2028.3577551748238	45.990196078431374	2012	Crafts
183	2937.9945355191257	6701.400504023651	111.75956284153006	2013	Crafts
213	2881.3615023474176	5255.520831040933	89.21596244131456	2014	Crafts
220	2413.159090909091	4184.486451859908	73.0909090909091	2015	Crafts
173	5620.289017341041	17409.435789957213	209.72254335260115	2016	Crafts
212	3501.419811320755	6405.005942290684	109.74056603773585	2017	Crafts
1	5500.0	5680.0	101.0	2009	Crochet
1	1500.0	1669.0	37.0	2011	Crochet
1	900.0	2228.580078125	61.0	2012	Crochet
2	1750.0	2506.3800048828125	81.5	2013	Crochet
9	716.6666666666666	1066.6666666666667	24.555555555555557	2014	Crochet
5	726.0	758.6	9.2	2015	Crochet
5	1470.0	1627.4	34.6	2016	Crochet
11	160.45454545454547	349.0	10.181818181818182	2017	Crochet
1	1500.0	1803.0	16.0	2012	DIY
2	2550.0	2903.0	67.5	2013	DIY
31	1269.774193548387	2568.3870967741937	43.064516129032256	2014	DIY
60	3302.85	5020.390155967077	93.53333333333333	2015	DIY
53	2921.0377358490564	5331.0	100.67924528301887	2016	DIY
36	3073.1944444444443	6313.194444444444	54.611111111111114	2017	DIY
1	5000.0	11784.349609375	269.0	2010	DIY Electronics
4	10958.33251953125	155327.6484375	1268.5	2011	DIY Electronics
15	11793.333333333334	101018.58776041666	1693.2666666666667	2012	DIY Electronics
24	25245.833333333332	158804.93888346353	1756.1666666666667	2013	DIY Electronics
83	8967.43373493976	32377.1960243317	311.578313253012	2014	DIY Electronics
112	9506.223214285714	42740.49327087402	465.0892857142857	2015	DIY Electronics
90	8185.733333333334	29981.657134331595	376.47777777777776	2016	DIY Electronics
88	20533.420454545456	48827.43194580078	271.6136363636364	2017	DIY Electronics
3	6166.666666666667	7187.1233317057295	85.33333333333333	2009	Dance
108	2711.8425925925926	3020.6217628761574	46.111111111111114	2010	Dance
297	2945.878787878788	3422.7211466060344	49.68350168350168	2011	Dance
363	4009.347410764248	4534.198809663127	59.27272727272727	2012	Dance
383	4829.57180156658	5479.346833789317	71.1462140992167	2013	Dance
199	5211.718592964824	6001.640256028679	61.41206030150754	2014	Dance
81	5714.753086419753	6584.566653404707	102.9753086419753	2015	Dance
67	6977.611940298508	7872.420304483442	84.38805970149254	2016	Dance
41	10635.0	11517.012195121952	65.02439024390245	2017	Dance
1	1200.0	1427.0	30.0	2009	Design
9	7216.666666666667	8971.688788519965	140.22222222222223	2010	Design
67	7691.313432835821	14060.168958066115	295.4029850746269	2011	Design
112	11156.401785714286	23068.704377889633	405.5982142857143	2012	Design
195	14159.507692307692	39526.488811610296	542.9076923076923	2013	Design
239	9790.439330543933	28888.444243490947	345.43514644351467	2014	Design
272	12840.529411764706	49419.2005220301	537.8051470588235	2015	Design
250	15730.364	66300.98613916016	427.484	2016	Design
268	19995.794776119405	88224.64009071465	616.7985074626865	2017	Design
5	1730.0	1969.002001953125	40.6	2009	Digital Art
13	2321.5861534705527	4172.386117788462	34.92307692307692	2010	Digital Art
32	2580.03125	3018.919065475464	53.125	2011	Digital Art
39	4110.897435897436	8437.728715945514	152.6153846153846	2012	Digital Art
54	4101.574074074074	7377.132394578722	112.5	2013	Digital Art
57	3434.1052631578946	8373.515377646998	76.43859649122807	2014	Digital Art
62	7172.322580645161	12456.841536983367	165.4516129032258	2015	Digital Art
51	4699.098039215686	7956.43530254738	59.333333333333336	2016	Digital Art
58	3965.3793103448274	8788.250269396553	103.13793103448276	2017	Digital Art
56	5738.482142857143	6926.168395996094	78.42857142857143	2009	Documentary
486	7020.218848511025	8514.256062072	96.33333333333333	2010	Documentary
817	11764.688213595853	14029.581759243876	149.40269277845778	2011	Documentary
1064	16404.274783944726	20064.776730071335	223.9624060150376	2012	Documentary
970	17170.455670103092	20865.87866223522	239.7958762886598	2013	Documentary
903	18708.14064230343	22178.844729806893	234.86267995570321	2014	Documentary
753	22541.818061088976	26994.267941580034	263.6865869853918	2015	Documentary
482	21353.609958506226	26005.085695227153	223.9813278008299	2016	Documentary
393	24360.605597964375	28828.260512645615	228.78880407124683	2017	Documentary
4	39250.0	41605.25	162.0	2013	Drama
148	7082.858108108108	7875.973575076541	65.29054054054055	2014	Drama
274	9034.021897810218	10197.335970245138	80.75182481751825	2015	Drama
226	8024.327433628318	8877.70412951444	71.63716814159292	2016	Drama
160	15449.65	20485.17324848175	107.4125	2017	Drama
3	12166.666666666666	15222.0	191.66666666666666	2013	Drinks
133	13924.45112781955	28201.353868498838	250.47368421052633	2014	Drinks
196	16325.760204081633	22373.26132264429	181.5	2015	Drinks
131	15310.679389312978	18312.467715663763	140.42748091603053	2016	Drinks
131	14903.496183206107	20492.269056014433	168.12977099236642	2017	Drinks
3	3333.3333333333335	3869.5333658854165	92.66666666666667	2009	Electronic Music
19	2594.7368421052633	4840.681139494243	74.57894736842105	2010	Electronic Music
68	2564.970588235294	3364.7039525649125	50.5735294117647	2011	Electronic Music
127	4089.5300783172365	6707.920208788293	110.92913385826772	2012	Electronic Music
119	3944.4621848739494	5008.3293987883235	98.87394957983193	2013	Electronic Music
103	7287.844660194175	10561.133510256277	201.8252427184466	2014	Electronic Music
96	5308.510416666667	7306.499138514201	121.4375	2015	Electronic Music
95	12189.736842105263	15550.594893606085	136.1578947368421	2016	Electronic Music
70	5298.3	8185.496888514927	138.25714285714287	2017	Electronic Music
1	3900.0	4000.0	58.0	2012	Embroidery
1	8000.0	8117.0	125.0	2013	Embroidery
6	1351.6666666666667	2736.9483235677085	40.0	2015	Embroidery
3	12533.333333333334	16087.956705729166	82.0	2016	Embroidery
8	27910.0	49529.375	66.5	2017	Embroidery
3	14500.0	19362.3798828125	289.0	2012	Events
9	12197.444444444445	14536.39794921875	176.0	2013	Events
40	1989.625	2327.183749008179	40.825	2014	Events
42	6800.214285714285	8050.285708472842	72.9047619047619	2015	Events
34	6312.794117647059	8023.124368106618	119.70588235294117	2016	Events
30	13656.1	15410.573893229166	82.33333333333333	2017	Events
1	2000.0	2200.110107421875	23.0	2010	Experimental
2	5762.5	6127.5	94.0	2011	Experimental
1	4000.0	4107.0	108.0	2012	Experimental
6	2900.0	3743.1666666666665	58.666666666666664	2013	Experimental
79	3546.4177215189875	4021.762020449095	62.64556962025316	2014	Experimental
126	3489.563492063492	4028.7338173124526	52.13492063492063	2015	Experimental
81	6142.098765432099	7437.940013555833	81.1604938271605	2016	Experimental
62	7081.4838709677415	7811.3730626260085	71.75806451612904	2017	Experimental
1	10000.0	20019.130859375	260.0	2010	Fabrication Tools
4	7175.0	11688.125	120.0	2011	Fabrication Tools
2	5000.0	9443.0	114.0	2012	Fabrication Tools
1	125000.0	349498.78125	362.0	2013	Fabrication Tools
11	35595.454545454544	103126.587890625	255.63636363636363	2014	Fabrication Tools
17	46412.82352941176	177764.87838924633	161.1764705882353	2015	Fabrication Tools
14	29460.714285714286	208848.2948172433	470.2142857142857	2016	Fabrication Tools
16	26641.0	235366.04736328125	838.1875	2017	Fabrication Tools
2	101600.0	270690.5	2552.0	2013	Faith
126	6741.769841269841	8063.003970191592	78.55555555555556	2014	Faith
129	6943.093023255814	7848.914327458818	75.55038759689923	2015	Faith
124	8961.104838709678	9982.94119951802	95.37903225806451	2016	Faith
75	8074.466666666666	9047.200572916667	93.58666666666667	2017	Faith
5	3280.0	3497.0	64.2	2013	Family
20	18972.7	21180.581582069397	171.7	2014	Family
17	19517.647058823528	20371.691176470587	202.47058823529412	2015	Family
17	32092.352941176472	35783.13419117647	183.94117647058823	2016	Family
7	3642.8571428571427	4131.858537946428	64.42857142857143	2017	Family
6	61500.0	78174.18880208333	653.1666666666666	2013	Fantasy
12	31666.666666666668	35263.85227457682	390.5	2014	Fantasy
32	11031.25	16683.453979492188	249.9375	2015	Fantasy
30	26381.666666666668	30262.310221354168	398.0	2016	Fantasy
26	14428.307692307691	18361.884615384617	116.65384615384616	2017	Fantasy
3	4500.0	4947.0	46.333333333333336	2013	Farmer's Markets
19	8220.263157894737	8680.736842105263	56.21052631578947	2014	Farmer's Markets
23	23931.217391304348	25119.229619565216	83.69565217391305	2015	Farmer's Markets
13	10318.538461538461	11384.260817307691	134.84615384615384	2016	Farmer's Markets
12	14118.75	16082.515787760416	51.166666666666664	2017	Farmer's Markets
1	5000.0	5514.0	154.0	2013	Farms
77	13644.74025974026	15749.257000811689	128.7792207792208	2014	Farms
90	10887.044444444444	12356.323008897569	114.78888888888889	2015	Farms
38	27870.0	47491.97964638158	138.23684210526315	2016	Farms
36	16864.222222222223	21672.02469889323	171.33333333333334	2017	Farms
4	2875.0	3385.9974975585938	32.25	2009	Fashion
42	4102.571428571428	4640.236203148252	49.5	2010	Fashion
185	4732.1783783783785	6450.8482778188345	85.25945945945946	2011	Fashion
430	5945.522093023255	12095.610472710188	165.3139534883721	2012	Fashion
742	9141.827493261455	19836.59481159632	280.03504043126685	2013	Fashion
382	9492.138743455498	20678.257077042344	223.39528795811518	2014	Fashion
166	10336.036144578313	26905.10487457643	273.65060240963857	2015	Fashion
130	12428.2	26655.810654860277	292.9307692307692	2016	Fashion
107	11466.70093457944	32792.911520699476	228.21495327102804	2017	Fashion
1	5500.0	5945.0	105.0	2010	Festivals
1	2500.0	2515.0	56.0	2011	Festivals
4	6037.5	6766.00732421875	111.25	2012	Festivals
6	9750.0	11616.0	190.16666666666666	2013	Festivals
119	4250.302521008403	4936.516904173779	57.50420168067227	2014	Festivals
146	4749.801369863014	5620.754309249251	66.32876712328768	2015	Festivals
120	3419.6	4156.851823425293	51.483333333333334	2016	Festivals
60	10306.916666666666	11596.222631835937	103.18333333333334	2017	Festivals
11	2611.299091685902	4083.4735690030184	113.9090909090909	2009	Fiction
44	2391.5227272727275	2738.304089632901	54.56818181818182	2010	Fiction
167	3027.9826945230634	3916.6031176173046	74.44311377245509	2011	Fiction
396	3134.2543686375475	4346.562773810492	95.20454545454545	2012	Fiction
456	3675.22149122807	5161.749937325193	107.13157894736842	2013	Fiction
402	3024.9751243781093	4489.819985071818	89.28109452736318	2014	Fiction
298	4347.996644295302	6930.292338736105	103.27181208053692	2015	Fiction
245	4134.183673469388	5537.017697704082	86.57959183673469	2016	Fiction
214	3175.5841121495328	5091.907439329914	98.92990654205607	2017	Fiction
13	2831.6923076923076	3286.101569542518	46.15384615384615	2009	Film & Video
211	5541.5502397437795	6351.7245040821235	65.5260663507109	2010	Film & Video
662	6604.763308527967	7955.664103482065	85.23111782477342	2011	Film & Video
497	7986.41046277666	9209.877827143526	101.29979879275653	2012	Film & Video
642	13469.641744548286	16870.46308580143	191.66355140186917	2013	Film & Video
317	10940.533123028392	13399.096128325356	135.09148264984228	2014	Film & Video
210	15858.547619047618	20111.316692733766	227.0142857142857	2015	Film & Video
255	10399.698039215686	13158.17937227137	130.02745098039216	2016	Film & Video
252	11965.765873015873	14536.099655635773	142.78968253968253	2017	Film & Video
4	8312.5	11699.125	165.25	2013	Fine Art
68	4841.323529411765	7212.053518856273	75.45588235294117	2014	Fine Art
70	4015.2285714285713	5413.376283482143	63.75714285714286	2015	Fine Art
100	3700.34	5291.5723046875	45.3	2016	Fine Art
41	4155.365853658536	5503.195121951219	63.73170731707317	2017	Fine Art
1	28000.0	33659.98828125	207.0	2011	Flight
7	24500.0	69535.208984375	347.7142857142857	2012	Flight
7	40400.0	227684.43080357142	3241.5714285714284	2013	Flight
15	14995.333333333334	87461.45149332682	322.4	2014	Flight
27	62573.148148148146	146123.2962962963	474.51851851851853	2015	Flight
10	27970.0	37286.9099609375	139.5	2016	Flight
9	18294.444444444445	250112.54210069444	2816.0	2017	Flight
17	4385.294117647059	4932.5323486328125	71.70588235294117	2009	Food
119	5763.989914325105	6473.545217562122	83.85714285714286	2010	Food
258	8176.035621820494	10056.684280750364	122.5813953488372	2011	Food
679	10185.215345694496	13276.662554217017	163.06185567010309	2012	Food
895	12263.411173184357	17219.379897951945	194.91508379888268	2013	Food
658	9698.05775075988	16499.732071066337	173.02279635258358	2014	Food
298	11733.627516778524	22556.700722918413	226.1006711409396	2015	Food
201	15773.10447761194	42021.65687431981	409.4726368159204	2016	Food
172	16202.43023255814	37893.513042361235	250.59302325581396	2017	Food
8	13187.5	15362.884948730469	254.125	2013	Food Trucks
43	14268.837209302326	15268.998228561046	154.41860465116278	2014	Food Trucks
91	10626.10989010989	11851.777327652815	114.27472527472527	2015	Food Trucks
46	11158.478260869566	12134.187181555706	89.54347826086956	2016	Food Trucks
29	9501.241379310344	10311.867962015087	63.93103448275862	2017	Food Trucks
1	30000.0	59132.1796875	385.0	2012	Footwear
4	14250.0	49441.3447265625	442.25	2013	Footwear
43	16006.976744186046	43185.12854287791	347.27906976744185	2014	Footwear
73	17615.821917808218	45657.680543664384	495.0	2015	Footwear
88	23769.545454545456	56817.39794921875	290.32954545454544	2016	Footwear
89	28805.0	69996.30205407304	394.64044943820227	2017	Footwear
6	54916.666666666664	99038.55208333333	1009.6666666666666	2012	Gadgets
10	54200.0	169516.571875	2917.0	2013	Gadgets
113	27740.353982300883	74998.57326379286	963.3274336283185	2014	Gadgets
254	28046.299212598424	100737.56805371863	873.2165354330708	2015	Gadgets
223	30688.775784753365	114426.46456129134	1049.9417040358744	2016	Gadgets
221	27338.796380090498	101322.96596226757	860.8054298642534	2017	Gadgets
2	2000.0	2325.06005859375	23.5	2009	Games
9	2001.111111111111	2582.1522013346353	71.33333333333333	2010	Games
67	3273.0597014925374	6929.820577592992	141.5820895522388	2011	Games
169	7761.940828402367	51519.26197625335	498.7810650887574	2012	Games
86	8941.046511627907	23229.896722837937	274.5	2013	Games
91	9881.494505494506	23708.66700358967	355.7142857142857	2014	Games
103	9556.378640776698	17223.335983720797	274.00970873786406	2015	Games
109	6456.94495412844	14908.39927897322	205.75229357798165	2016	Games
143	7103.349650349651	17836.57842377349	211.2237762237762	2017	Games
3	402333.3333333333	3686000.0833333335	24356.333333333332	2012	Gaming Hardware
2	140000.0	673925.421875	2464.5	2013	Gaming Hardware
12	34304.166666666664	53497.520833333336	392.9166666666667	2014	Gaming Hardware
20	26207.0	68012.23125	560.95	2015	Gaming Hardware
28	14105.107142857143	26101.553876604354	179.10714285714286	2016	Gaming Hardware
34	9547.64705882353	34576.93373736213	465.88235294117646	2017	Gaming Hardware
1	250.0	946.0	30.0	2011	Glass
2	2975.0	3310.0	54.0	2012	Glass
3	4500.0	5514.333333333333	57.666666666666664	2013	Glass
9	3070.0	3930.8888888888887	58.22222222222222	2014	Glass
12	4191.666666666667	4796.0	37.583333333333336	2015	Glass
7	1992.857142857143	4274.428571428572	64.85714285714286	2016	Glass
4	1987.5	2174.0	49.0	2017	Glass
3	2665.0	3004.7833251953125	86.66666666666667	2009	Graphic Design
22	2957.2727272727275	5819.9890691583805	148.45454545454547	2010	Graphic Design
25	2399.32	6032.407977294922	152.76	2011	Graphic Design
98	3137.295918367347	9993.806364409778	253.87755102040816	2012	Graphic Design
119	3705.36974789916	15424.359108291754	353.26050420168065	2013	Graphic Design
133	5530.496240601504	15972.572704917506	252.21804511278197	2014	Graphic Design
120	6063.291666666667	17151.91746266683	235.275	2015	Graphic Design
90	6921.9111111111115	11097.463660685222	167.42222222222222	2016	Graphic Design
140	5864.892857142857	11323.04758696556	178.88571428571427	2017	Graphic Design
2	5000.0	6531.2900390625	96.0	2009	Graphic Novels
1	3000.0	12665.7802734375	346.0	2010	Graphic Novels
1	4000.0	9210.0	280.0	2011	Graphic Novels
2	17800.0	61894.28125	890.0	2012	Graphic Novels
11	14036.363636363636	41567.60324928977	734.3636363636364	2013	Graphic Novels
151	6882.417218543046	10312.854621533526	212.58940397350995	2014	Graphic Novels
263	8364.760456273765	14214.573745321411	228.18250950570342	2015	Graphic Novels
300	8182.066666666667	17398.64376993815	305.6933333333333	2016	Graphic Novels
280	7834.407142857143	13780.706786019462	246.98214285714286	2017	Graphic Novels
2	2150.0	2212.5350036621094	43.0	2009	Hardware
16	5987.5	14429.13924407959	133.0625	2010	Hardware
38	11949.599737870065	47915.126085783304	317.6842105263158	2011	Hardware
83	22217.265060240963	63093.028473268074	568.144578313253	2012	Hardware
297	33996.75420875421	95765.14220328283	843.7777777777778	2013	Hardware
244	37610.815573770495	110480.89950611553	721.9877049180328	2014	Hardware
225	38579.35555555556	131673.24590711805	1188.1466666666668	2015	Hardware
164	39155.21951219512	171801.15201028963	970.1036585365854	2016	Hardware
136	41639.33823529412	147757.66217579562	657.0	2017	Hardware
2	1500.0	1587.5	29.0	2009	Hip-Hop
44	3373.8245461203837	4389.184800581498	76.43181818181819	2010	Hip-Hop
69	3056.8840579710145	4643.5755013728485	94.1304347826087	2011	Hip-Hop
108	3439.0065742775246	4078.7426904748986	71.37037037037037	2012	Hip-Hop
107	2869.6168224299067	3387.072239385587	54.99065420560748	2013	Hip-Hop
81	6618.197530864198	9681.576507992215	160.34567901234567	2014	Hip-Hop
73	5263.095890410959	13171.860762922732	223.21917808219177	2015	Hip-Hop
66	3441.4242424242425	4427.2145515210705	75.96969696969697	2016	Hip-Hop
52	9272.096153846154	12688.007296048678	133.19230769230768	2017	Hip-Hop
1	100000.0	112248.328125	466.0	2011	Horror
4	119625.0	138577.125	1063.5	2013	Horror
88	11562.28409090909	13289.15678544478	120.36363636363636	2014	Horror
102	12868.5	14643.829599417892	126.65686274509804	2015	Horror
112	6588.464285714285	7433.437138966152	70.33928571428571	2016	Horror
90	8490.933333333332	9891.64033203125	86.97777777777777	2017	Horror
6	1920.0	2012.6666666666667	31.0	2009	Illustration
35	2798.0857142857144	4003.947443498884	70.91428571428571	2010	Illustration
51	3838.3333333333335	6100.86408069087	107.76470588235294	2011	Illustration
78	3488.6153846153848	9145.093233744303	121.71794871794872	2012	Illustration
158	2684.474683544304	5142.172843063934	108.57594936708861	2013	Illustration
170	3311.929411764706	6426.002755389494	110.8	2014	Illustration
335	2566.892537313433	6534.6595524574395	103.54029850746268	2015	Illustration
314	2952.394904458599	6557.213019984543	126.84713375796179	2016	Illustration
479	2926.8601252609606	13409.245620504551	124.49269311064718	2017	Illustration
1	7000.0	10974.76953125	248.0	2010	Immersive
1	5000.0	5343.0	103.0	2011	Immersive
2	3250.0	5845.0	115.5	2012	Immersive
5	13400.0	14050.92587890625	149.8	2013	Immersive
33	4305.212121212121	4993.2484722715435	59.57575757575758	2014	Immersive
58	7309.793103448276	10383.779317921606	84.3103448275862	2015	Immersive
39	7195.820512820513	8721.701572516025	84.51282051282051	2016	Immersive
30	6291.666666666667	6920.1649983723955	71.76666666666667	2017	Immersive
69	3468.1739130434785	4534.242774852808	72.92753623188406	2009	Indie Rock
270	4086.17037037037	4855.685738344546	69.97777777777777	2010	Indie Rock
669	3548.6905829596412	4419.813912384535	69.61584454409567	2011	Indie Rock
851	4116.123936510815	5286.649350409502	83.75323149236193	2012	Indie Rock
681	4993.945668135096	6301.210267860984	102.18502202643172	2013	Indie Rock
400	5346.6125	6770.7355053710935	100.5675	2014	Indie Rock
309	4405.288025889968	5886.730224016801	92.44660194174757	2015	Indie Rock
215	5630.102325581395	7407.120468352562	102.08837209302325	2016	Indie Rock
154	6523.376623376624	8431.910785229175	129.26623376623377	2017	Indie Rock
2	32500.0	60682.5	378.0	2011	Installations
3	1516.6666666666667	1950.6666666666667	47.666666666666664	2012	Installations
2	850.0	873.0	18.5	2013	Installations
70	4812.571428571428	5444.376710619245	60.42857142857143	2014	Installations
79	5964.430379746836	6747.469448427611	77.62025316455696	2015	Installations
43	10647.976744186046	13152.866415334302	148.2325581395349	2016	Installations
34	11222.79411764706	12514.816456514247	72.08823529411765	2017	Installations
2	21000.0	41507.884765625	465.5	2013	Interactive Design
18	4292.5	7042.673882378473	122.33333333333333	2014	Interactive Design
24	11957.375	27350.043823242188	230.125	2015	Interactive Design
23	14954.91304347826	17178.157449473507	136.52173913043478	2016	Interactive Design
12	36325.0	52595.75	212.91666666666666	2017	Interactive Design
3	8166.666666666667	10501.0166015625	235.33333333333334	2009	Jazz
92	4778.945652173913	5269.917599221934	70.1413043478261	2010	Jazz
138	4657.601449275362	5255.435070093127	64.94202898550725	2011	Jazz
203	5811.556650246305	6459.0262054293025	82.16748768472907	2012	Jazz
172	6842.168604651163	7717.913140585256	93.30813953488372	2013	Jazz
167	6625.389221556886	7234.865443064067	89.73652694610779	2014	Jazz
130	6658.307692307692	7676.892468261719	82.63076923076923	2015	Jazz
101	8569.79207920792	9951.064068784808	115.29702970297029	2016	Jazz
98	10172.030612244898	11794.084602200255	102.59183673469387	2017	Jazz
6	5650.0	8801.331665039062	67.0	2013	Jewelry
50	6590.16	12197.083601074219	94.0	2014	Jewelry
83	8532.807228915663	12222.838052404932	82.33734939759036	2015	Jewelry
61	7758.44262295082	12589.964747694672	86.8360655737705	2016	Jewelry
101	4056.5544554455446	6569.349976794554	74.22772277227723	2017	Jewelry
19	2427.8947368421054	2716.9536903782896	45.73684210526316	2009	Journalism
65	3521.8015385554386	4079.6021446814902	67.8923076923077	2010	Journalism
65	5723.076923076923	7121.643205378606	99.0923076923077	2011	Journalism
84	8393.694382440477	10718.151420956567	171.67857142857142	2012	Journalism
76	8426.868421052632	10548.597156725431	185.22368421052633	2013	Journalism
56	6311.982142857143	9400.07281930106	153.23214285714286	2014	Journalism
49	11223.979591836734	19912.491589604593	132.71428571428572	2015	Journalism
30	13036.933333333332	15014.90615641276	168.3	2016	Journalism
28	35476.357142857145	45332.94123186384	309.2857142857143	2017	Journalism
2	5500.0	6451.5	90.0	2012	Kids
7	7814.142857142857	11785.015694754464	204.42857142857142	2013	Kids
29	7411.9655172413795	8242.620689655172	98.13793103448276	2014	Kids
43	8454.67441860465	9949.406965388807	128.65116279069767	2015	Kids
26	6787.615384615385	7804.449969951923	115.34615384615384	2016	Kids
19	8210.105263157895	8990.765792043585	75.21052631578948	2017	Kids
1	5000.0	5300.0	56.0	2009	Knitting
2	4000.0	5560.0	150.5	2012	Knitting
3	4833.333333333333	9519.666666666666	173.0	2013	Knitting
23	3019.1304347826085	4479.1539094344425	95.30434782608695	2014	Knitting
31	6758.548387096775	9027.661290322581	117.54838709677419	2015	Knitting
10	6001.0	9068.45	185.6	2016	Knitting
15	9477.0	12899.693359375	100.13333333333334	2017	Knitting
6	6350.0	7781.924967447917	126.66666666666667	2013	Latin
6	6583.333333333333	6940.833333333333	59.166666666666664	2014	Latin
14	10392.92857142857	11128.25	99.42857142857143	2015	Latin
8	5187.625	5880.75	54.0	2016	Latin
4	6675.0	9714.0	155.25	2017	Latin
1	4000.0	4809.0	60.0	2010	Letterpress
1	10000.0	10138.0	150.0	2011	Letterpress
2	9250.0	11775.2548828125	165.0	2012	Letterpress
1	2000.0	2611.0	59.0	2013	Letterpress
8	2912.5	5073.375	115.0	2014	Letterpress
9	10433.333333333334	12034.578884548611	163.44444444444446	2015	Letterpress
1	2000.0	2111.0	39.0	2016	Letterpress
8	6962.5	34002.25	363.25	2017	Letterpress
3	1300.0	1462.443359375	43.333333333333336	2010	Literary Journals
1	500.0	893.0	40.0	2011	Literary Journals
1	8500.0	10679.6201171875	150.0	2012	Literary Journals
4	9310.0	10134.5498046875	195.5	2013	Literary Journals
26	4305.2692307692305	4785.305382361779	116.96153846153847	2014	Literary Journals
44	3119.931818181818	4965.445001775568	119.88636363636364	2015	Literary Journals
24	4549.041666666667	8305.734985351562	218.625	2016	Literary Journals
30	5955.0	9428.009635416667	179.56666666666666	2017	Literary Journals
13	14055.76923076923	16426.53846153846	180.0	2017	Literary Spaces
2	4125.0	6317.0	130.5	2013	Live Games
45	3401.2444444444445	4627.170659722222	50.62222222222222	2014	Live Games
48	5787.25	7298.7393798828125	72.75	2015	Live Games
54	8959.666666666666	14119.05017541956	129.7037037037037	2016	Live Games
31	6802.129032258064	18883.645192792337	174.58064516129033	2017	Live Games
1	7022.0	8169.0	186.0	2011	Makerspaces
2	22500.0	43929.904296875	613.5	2012	Makerspaces
3	7000.0	7578.626627604167	73.33333333333333	2013	Makerspaces
16	10921.875	15048.203002929688	188.75	2014	Makerspaces
31	14256.451612903225	17301.660754788307	125.87096774193549	2015	Makerspaces
14	16067.0	22890.167131696428	120.42857142857143	2016	Makerspaces
9	5000.0	5454.863335503473	35.111111111111114	2017	Makerspaces
1	500.0	600.1400146484375	20.0	2012	Metal
41	3398.878048780488	9244.54164979516	221.0731707317073	2013	Metal
82	3136.939024390244	4005.0345153808594	77.91463414634147	2014	Metal
58	3965.448275862069	5084.407430714575	72.72413793103448	2015	Metal
57	5694.771929824561	7402.8761682343065	121.85964912280701	2016	Metal
36	5523.138888888889	8725.492997911242	78.88888888888889	2017	Metal
2	5490.0	7264.18505859375	73.0	2010	Mixed Media
136	3732.1735292322496	4775.594562306123	82.84558823529412	2011	Mixed Media
184	3548.586956521739	4980.521926216457	71.97282608695652	2012	Mixed Media
160	3778.11875	4663.85456905365	66.39375	2013	Mixed Media
138	4778.028985507246	14899.904794223066	108.67391304347827	2014	Mixed Media
129	3586.0697674418607	7421.541363856589	58.55813953488372	2015	Mixed Media
87	7937.701149425287	9829.907219897741	54.632183908045974	2016	Mixed Media
109	3575.1743119266057	6395.98303138663	62.944954128440365	2017	Mixed Media
37	5354.864864864865	6120.343050982501	72.97297297297297	2014	Mobile Games
42	7680.357142857143	8454.52551828112	97.64285714285714	2015	Mobile Games
41	9527.170731707318	12435.680116234756	202.73170731707316	2016	Mobile Games
33	15289.969696969696	21102.172126538826	250.3030303030303	2017	Mobile Games
1	150000.0	158692.125	2324.0	2012	Movie Theaters
4	66250.0	75944.439453125	759.25	2013	Movie Theaters
14	14478.214285714286	16864.395089285714	203.35714285714286	2014	Movie Theaters
16	21807.6875	26491.065673828125	282.6875	2015	Movie Theaters
9	46094.444444444445	206324.66666666666	339.1111111111111	2016	Movie Theaters
8	54382.5	66507.42431640625	759.875	2017	Movie Theaters
31	2620.222900390625	3536.833546300088	52.193548387096776	2009	Music
333	3967.7533633487	4709.163810752892	69.3963963963964	2010	Music
1317	4661.289559609798	5876.548903428341	84.7828397873956	2011	Music
1515	5738.246191567399	7742.5537503585565	121.23036303630363	2012	Music
673	9662.491827637445	12423.930174001436	172.03863298662705	2013	Music
539	10855.296846011131	13845.154687460366	167.09276437847868	2014	Music
452	10602.980088495575	13837.057486610074	168.64601769911505	2015	Music
721	7893.1705963938975	10328.081928844922	132.1012482662968	2016	Music
759	8194.482213438736	10662.091245950289	130.7826086956522	2017	Music
3	1833.3333333333333	2297.3333333333335	59.0	2013	Music Videos
57	3585.3508771929824	4831.258577045642	82.3157894736842	2014	Music Videos
87	4533.632183908046	5392.638968807528	49.4367816091954	2015	Music Videos
58	5342.275862068966	5985.3506877997825	60.44827586206897	2016	Music Videos
35	14503.828571428572	16475.91252092634	69.82857142857142	2017	Music Videos
2	3250.0	3819.510009765625	58.0	2010	Musical
3	2200.0	3396.0	74.33333333333333	2011	Musical
3	4000.0	4298.0	85.33333333333333	2012	Musical
3	52500.0	54302.161458333336	528.3333333333334	2013	Musical
126	5512.5952380952385	6254.738732716394	67.7936507936508	2014	Musical
152	6340.644736842105	8838.296001233553	74.54605263157895	2015	Musical
113	8210.300884955752	9533.022290255116	109.27433628318585	2016	Musical
60	9097.95	9687.211486816406	53.5	2017	Musical
12	4066.6666666666665	4994.5849609375	46.666666666666664	2009	Narrative Film
143	8079.621538495684	10473.482908022153	105.32867132867133	2010	Narrative Film
353	9906.805128751328	11297.035913224261	112.5042492917847	2011	Narrative Film
459	15940.078888803786	17966.762897300305	160.39651416122004	2012	Narrative Film
399	31622.035087719298	46148.23468415301	542.8521303258145	2013	Narrative Film
266	22371.860902255637	26222.713727908027	257.61654135338347	2014	Narrative Film
158	13541.23417721519	14874.513329614567	138.59493670886076	2015	Narrative Film
116	8987.01724137931	10215.22325607826	111.09482758620689	2016	Narrative Film
107	13860.728971962617	15626.200822634117	124.49532710280374	2017	Narrative Film
2	5162.0	12320.75	174.5	2013	Nature
30	5412.166666666667	6422.952319335937	62.86666666666667	2014	Nature
35	5137.171428571429	7184.828571428571	68.02857142857142	2015	Nature
18	8742.277777777777	10153.439561631945	97.22222222222223	2016	Nature
15	12640.666666666666	15126.846028645834	87.26666666666667	2017	Nature
15	2722.866666666667	3165.7159830729165	58.733333333333334	2009	Nonfiction
66	4270.1513634883995	5420.401354703036	93.77272727272727	2010	Nonfiction
143	5094.545454545455	6363.888707727819	104.8881118881119	2011	Nonfiction
361	5505.484764542936	7563.450748010356	121.62049861495845	2012	Nonfiction
426	6629.284037558686	9379.613961591407	156.85915492957747	2013	Nonfiction
391	7322.171355498721	9919.617064024786	134.75703324808185	2014	Nonfiction
298	6733.295302013423	10078.674159926855	140.29530201342283	2015	Nonfiction
298	8280.973154362417	12545.12374202037	160.41610738255034	2016	Nonfiction
232	9754.025862068966	18585.262288060683	225.94396551724137	2017	Nonfiction
17	2075.575884650735	2390.7699908088234	37.11764705882353	2009	Painting
63	3069.84126984127	3511.7955579000804	47.04761904761905	2010	Painting
103	2815.757281553398	3420.3588363499316	39.737864077669904	2011	Painting
180	2919.9055555555556	4087.597174241808	46.45	2012	Painting
190	3888.563157894737	5517.581201814351	58.18421052631579	2013	Painting
187	2808.0213903743315	4595.217772131935	48.35828877005348	2014	Painting
153	3045.1830065359477	4366.476928312015	48.790849673202615	2015	Painting
110	3911.4	6694.694189453125	78.98181818181818	2016	Painting
146	2850.77397260274	6655.322039042434	63.273972602739725	2017	Painting
4	13250.0	32335.75	409.0	2013	People
67	5954.850746268657	7839.8249730352145	122.95522388059702	2014	People
68	4811.470588235294	5590.631035299863	72.95588235294117	2015	People
50	7457.92	9146.565625	126.98	2016	People
41	5766.804878048781	6894.201721191406	89.5609756097561	2017	People
6	9400.0	9494.958333333334	53.5	2009	Performance Art
55	2507.3759987571025	2804.590543989702	45.27272727272727	2010	Performance Art
139	2776.268561054477	3100.7774763587568	46.21582733812949	2011	Performance Art
234	3114.5641025641025	3541.0812415750615	56.51709401709402	2012	Performance Art
183	4120.6120218579235	4663.596388811622	61.43715846994535	2013	Performance Art
116	4350.336206896552	4945.635253774709	71.58620689655173	2014	Performance Art
87	5012.528735632184	6340.807677521103	64.66666666666667	2015	Performance Art
55	6643.109090909091	7848.262136008523	78.49090909090908	2016	Performance Art
59	6099.949152542373	7145.406421726033	87.83050847457628	2017	Performance Art
168	4884.523809523809	5323.682857785906	63.25595238095238	2014	Performances
175	4057.28	4472.511430664063	59.46857142857143	2015	Performances
158	5590.835443037975	6113.898933507219	61.55696202531646	2016	Performances
123	6587.349593495935	7254.819751770516	57.26829268292683	2017	Performances
5	2919.0	4226.888012695313	82.2	2009	Periodicals
17	1420.5882352941176	2056.156458237592	58.88235294117647	2010	Periodicals
63	5847.936507936508	7383.398922874814	115.65079365079364	2011	Periodicals
111	6051.711711711711	8111.3246369233	144.6846846846847	2012	Periodicals
105	8744.961904761905	11592.020714169457	174.72380952380954	2013	Periodicals
80	12777.0625	15724.7655708313	301.7625	2014	Periodicals
42	16609.214285714286	23695.034970238095	330.0952380952381	2015	Periodicals
40	15210.0	19513.323181152344	254.0	2016	Periodicals
52	19935.576923076922	26028.097200833836	329.09615384615387	2017	Periodicals
1	15000.0	15278.5	226.0	2012	Pet Fashion
2	550.0	1583.5	70.0	2013	Pet Fashion
8	7984.75	8758.462524414062	75.25	2014	Pet Fashion
13	7323.615384615385	8750.462307563195	95.15384615384616	2015	Pet Fashion
8	8162.5	10825.71875	66.875	2016	Pet Fashion
5	10700.0	11091.621875	67.4	2017	Pet Fashion
1	2000.0	2000.0	21.0	2009	Photo
1	2800.0	4049.0	43.0	2011	Photo
2	1737.5	2258.614990234375	52.0	2012	Photo
1	40000.0	70301.3515625	1251.0	2013	Photo
7	2253.5714285714284	3094.5271344866073	35.714285714285715	2014	Photo
7	6657.142857142857	7783.571428571428	52.57142857142857	2015	Photo
12	8466.666666666666	10363.249186197916	118.16666666666667	2016	Photo
1	7000.0	7151.0	82.0	2017	Photo
1	1200.0	2580.0	33.0	2010	Photobooks
2	8250.0	12478.5	196.5	2012	Photobooks
1	27000.0	40441.0	440.0	2013	Photobooks
107	11558.0	16549.82085782345	183.46728971962617	2014	Photobooks
180	12041.81111111111	20048.701502143012	189.12222222222223	2015	Photobooks
186	12115.908602150537	18071.335421654487	150.6505376344086	2016	Photobooks
158	10856.246835443038	15771.440527807308	158.98101265822785	2017	Photobooks
31	2061.005806215348	2606.373228011593	41.32258064516129	2009	Photography
189	3708.2486772486773	4438.306402297247	60.074074074074076	2010	Photography
331	4445.260241367306	5272.744833401683	71.39577039274924	2011	Photography
404	5105.876460009282	6478.33482222982	89.5990099009901	2012	Photography
424	5663.490566037736	7757.037384033203	100.68160377358491	2013	Photography
217	8389.018433179723	10517.636397541943	134.889400921659	2014	Photography
123	5442.089430894309	9615.619963359057	96.60975609756098	2015	Photography
87	7235.287356321839	26728.230272315013	151.35632183908046	2016	Photography
70	11036.8	42614.02121233259	241.15714285714284	2017	Photography
5	3920.0	4963.0	68.8	2013	Places
32	2306.59375	3006.958751678467	49.0	2014	Places
41	2702.390243902439	4129.335131017173	70.51219512195122	2015	Places
20	3436.75	4301.46201171875	58.3	2016	Places
20	3812.5	5430.131494140625	62.35	2017	Places
144	8017.534722222223	17279.59206475152	432.44444444444446	2014	Playing Cards
260	8863.83076923077	18623.74068368765	323.37307692307695	2015	Playing Cards
258	8220.418604651162	20653.339765208635	328.1279069767442	2016	Playing Cards
305	9729.695081967213	23552.78226418417	304.49508196721314	2017	Playing Cards
2	4250.0	4506.5	82.0	2010	Plays
4	3062.5	5087.929992675781	116.25	2011	Plays
6	3958.3333333333335	5050.538411458333	104.66666666666667	2012	Plays
6	3966.6666666666665	4328.969970703125	67.16666666666667	2013	Plays
196	4679.448979591837	5149.885446976642	62.43877551020408	2014	Plays
264	4110.738636363636	4516.636858391039	54.54545454545455	2015	Plays
201	3438.218905472637	3827.6151249064733	48.38308457711443	2016	Plays
125	9052.28	9919.955277832032	58.376	2017	Plays
1	3000.0	3010.0	29.0	2009	Poetry
16	2458.6875	2982.866241455078	61.0	2010	Poetry
44	2127.7045454545455	2487.19179465554	53.11363636363637	2011	Poetry
78	1829.8589743589744	2233.2435991336138	51.256410256410255	2012	Poetry
91	2189.032967032967	2694.6753976004466	56.51648351648352	2013	Poetry
74	2641.824324324324	4145.67490273553	69.95945945945945	2014	Poetry
72	2431.125	3726.528194957309	69.63888888888889	2015	Poetry
58	3045.9310344827586	3886.9143097976157	66.43103448275862	2016	Poetry
53	2557.8867924528304	3364.572468307783	57.9622641509434	2017	Poetry
9	4100.0	4402.775526258681	81.44444444444444	2009	Pop
100	3678.55	5331.622674560547	83.21	2010	Pop
243	4727.85596707819	5689.59811715334	75.71604938271605	2011	Pop
321	5915.77570093458	7316.746572524216	105.71028037383178	2012	Pop
278	6069.895683453237	7184.9347799836305	106.19424460431655	2013	Pop
224	6994.035714285715	8380.270621027264	99.94196428571429	2014	Pop
132	9167.575757575758	13036.81474905303	145.96969696969697	2015	Pop
138	7580.398550724638	9264.966513371122	102.68840579710145	2016	Pop
116	8721.706896551725	11315.267534453293	132.4655172413793	2017	Pop
1	4250.0	4993.0	102.0	2011	Pottery
4	3380.5	3618.375	43.0	2012	Pottery
7	3185.714285714286	4060.4285714285716	57.42857142857143	2013	Pottery
9	4866.666666666667	5889.096571180556	83.0	2014	Pottery
7	7085.714285714285	9147.0	95.71428571428571	2015	Pottery
8	8675.0	15861.625	204.25	2016	Pottery
8	21436.125	36494.6262512207	92.625	2017	Pottery
35	7882.114285714286	11255.196763392858	190.74285714285713	2014	Print
61	6447.55737704918	8949.515660270315	121.27868852459017	2015	Print
39	8945.128205128205	10551.319821088742	174.56410256410257	2016	Print
26	5438.461538461538	6179.141526442308	76.1923076923077	2017	Print
2	4500.0	4775.0	44.0	2012	Printing
9	878.8888888888889	970.6666666666666	20.555555555555557	2014	Printing
18	1691.7777777777778	3992.6833767361113	111.33333333333333	2015	Printing
11	2922.7272727272725	3514.2136452414775	68.0909090909091	2016	Printing
9	3304.4444444444443	3933.777777777778	66.77777777777777	2017	Printing
4	5836.0	6319.467529296875	83.25	2009	Product Design
37	5430.648648648648	39347.05503721495	677.4594594594595	2010	Product Design
194	13236.814432989691	57059.99980179305	685.5721649484536	2011	Product Design
536	22269.95802238806	74225.49398439322	730.6660447761194	2012	Product Design
921	17199.914223669923	53869.935804402274	714.2149837133551	2013	Product Design
1269	16336.405043341214	59319.28045627844	620.4050433412135	2014	Product Design
1521	19846.878369493756	89513.82692917643	688.9493754109138	2015	Product Design
1699	20898.27074749853	95167.48597204468	846.0447321954091	2016	Product Design
1780	23323.131460674158	91626.4272901385	589.0887640449438	2017	Product Design
4	1595.0	1805.5	32.5	2009	Public Art
2	2750.0	2860.0	76.5	2010	Public Art
211	4034.890425984893	5010.333128002582	75.91469194312796	2011	Public Art
350	4484.78	5299.27197719029	83.04571428571428	2012	Public Art
306	6636.212418300654	7644.883220398348	109.05555555555556	2013	Public Art
254	6152.476377952756	7072.12342341866	91.42125984251969	2014	Public Art
208	6883.4182692307695	8004.908063521752	97.16346153846153	2015	Public Art
116	9465.043103448275	11122.948540128511	117.57758620689656	2016	Public Art
92	12371.304347826086	28540.83781963846	378.60869565217394	2017	Public Art
9	1553.888888888889	2175.421088324653	75.11111111111111	2009	Publishing
37	3388.5135135135133	4363.395718961148	74.35135135135135	2010	Publishing
140	4154.983429827009	5284.320141601563	77.87857142857143	2011	Publishing
165	5328.309090909091	11108.322765373461	230.87878787878788	2012	Publishing
198	5910.828282828283	8273.121789797387	145.68686868686868	2013	Publishing
252	8564.67857142857	11815.322727748326	139.234126984127	2014	Publishing
273	8629.457875457876	12828.245690705575	191.05860805860806	2015	Publishing
289	9735.439446366781	16525.79784480428	210.78892733564012	2016	Publishing
277	10413.974729241878	19237.26332725773	264.85559566787003	2017	Publishing
1	3210.0	3242.0	55.0	2012	Punk
9	2755.5555555555557	3203.475562201606	67.11111111111111	2013	Punk
36	2444.3888888888887	3025.7327796088325	64.77777777777777	2014	Punk
36	2121.25	2436.7555575900606	43.361111111111114	2015	Punk
36	2365.9444444444443	4319.027533637152	80.91666666666667	2016	Punk
28	2096.214285714286	2438.740343230111	59.464285714285715	2017	Punk
2	1750.0	2397.5	176.0	2009	Puzzles
4	1800.0	2913.7550048828125	83.75	2011	Puzzles
7	3996.1428571428573	8341.514229910714	236.85714285714286	2012	Puzzles
11	8054.545454545455	26139.262451171875	561.7272727272727	2013	Puzzles
14	4813.071428571428	9747.5	191.28571428571428	2014	Puzzles
15	5346.2	7858.078645833333	127.0	2015	Puzzles
18	5719.722222222223	19701.095160590277	342.0	2016	Puzzles
17	4513.176470588235	8788.64298023897	163.88235294117646	2017	Puzzles
1	1200.0	1392.0	47.0	2011	Quilts
1	8850.0	8850.0	96.0	2012	Quilts
3	416.6666666666667	685.3333333333334	20.666666666666668	2013	Quilts
3	230.0	646.6666666666666	7.666666666666667	2014	Quilts
4	5789.0	10585.5	137.0	2015	Quilts
5	12361.0	12915.4	97.4	2016	Quilts
2	11000.0	17935.5	139.0	2017	Quilts
1	3000.0	4806.0	101.0	2010	R&B
4	4875.0	6476.5	89.75	2011	R&B
7	6357.142857142857	6661.285714285715	84.0	2012	R&B
4	3628.25	4149.5	58.0	2013	R&B
23	4555.0	5101.014361837636	78.26086956521739	2014	R&B
29	8582.758620689656	10381.494881465518	129.20689655172413	2015	R&B
19	4476.368421052632	4846.882092927632	76.47368421052632	2016	R&B
20	6947.6	7793.8689453125	92.95	2017	R&B
2	4900.0	5687.5	130.5	2009	Radio & Podcasts
13	2694.230769230769	2996.2476900540864	58.46153846153846	2010	Radio & Podcasts
33	5861.363636363636	7948.969748757102	134.66666666666666	2011	Radio & Podcasts
61	7903.606557377049	13576.086552854444	270.4590163934426	2012	Radio & Podcasts
74	9284.027027027027	25954.631621489654	645.3378378378378	2013	Radio & Podcasts
73	11377.849315068494	19467.92767584814	491.24657534246575	2014	Radio & Podcasts
58	7287.551724137931	8914.67067744814	127.13793103448276	2015	Radio & Podcasts
44	6529.181818181818	8392.027021928267	170.22727272727272	2016	Radio & Podcasts
36	3585.25	5735.124708387587	139.02777777777777	2017	Radio & Podcasts
1	10000.0	10090.0	134.0	2012	Ready-to-wear
3	93333.33333333333	101093.33333333333	262.0	2013	Ready-to-wear
33	8834.848484848484	10841.542140151516	113.45454545454545	2014	Ready-to-wear
49	12761.326530612245	23177.682995854593	194.14285714285714	2015	Ready-to-wear
30	11366.666666666666	16998.517659505207	132.3	2016	Ready-to-wear
29	10672.827586206897	12561.479988887393	86.13793103448276	2017	Ready-to-wear
1	3210.0	3262.780029296875	61.0	2011	Residencies
1	1300.0	1565.0	13.0	2012	Residencies
3	4666.666666666667	5556.2900390625	89.0	2013	Residencies
12	3997.9166666666665	4244.791666666667	48.25	2014	Residencies
8	3843.75	4143.5	36.125	2015	Residencies
13	4068.5384615384614	4339.19384765625	64.92307692307692	2016	Residencies
12	7642.5	8022.749186197917	47.0	2017	Residencies
9	53555.555555555555	84319.927734375	506.77777777777777	2013	Restaurants
116	23173.55172413793	26466.966771619074	198.67241379310346	2014	Restaurants
129	19277.038759689924	22941.01519349564	152.10852713178295	2015	Restaurants
107	18295.046728971964	22489.820197274752	191.01869158878506	2016	Restaurants
96	16424.114583333332	18996.406473795574	143.90625	2017	Restaurants
1	5000.0	5665.0	19.0	2010	Robots
8	6577.194999694824	9525.28759765625	103.5	2011	Robots
20	23748.0	57755.244946289065	394.05	2012	Robots
15	22900.0	54599.34140625	305.8666666666667	2013	Robots
35	14363.371428571429	42695.7826171875	251.25714285714287	2014	Robots
58	35496.43103448276	114631.9030561776	632.3620689655172	2015	Robots
40	38739.55	74512.97732543945	386.9	2016	Robots
49	61831.5918367347	129568.03239098373	292.9795918367347	2017	Robots
16	3409.375	3901.8118286132812	72.875	2009	Rock
180	4125.566666666667	4955.797100490994	69.07222222222222	2010	Rock
594	3468.082946006698	4630.5622103912665	72.64309764309765	2011	Rock
853	4342.494713053195	5314.41533552664	77.78077373974209	2012	Rock
659	4692.191198786039	6114.55300164693	90.6783004552352	2013	Rock
449	5792.133630289532	7962.096885902048	111.30289532293986	2014	Rock
342	4677.479532163743	5819.393569946289	73.82456140350877	2015	Rock
214	5585.051401869159	7314.229395500967	93.61682242990655	2016	Rock
193	7791.937823834197	10043.949897252216	114.40932642487047	2017	Rock
1	100000.0	121084.8828125	1334.0	2011	Romance
4	12125.0	13627.75	248.25	2013	Romance
12	4680.0	5520.784993489583	53.666666666666664	2014	Romance
17	5761.764705882353	6316.823529411765	50.23529411764706	2015	Romance
14	9883.57142857143	10207.803425380162	52.0	2016	Romance
7	2507.0	3743.8571428571427	61.42857142857143	2017	Romance
5	31300.0	35787.86953125	411.8	2013	Science Fiction
68	11916.911764705883	21928.002563476562	279.22058823529414	2014	Science Fiction
84	15814.202380952382	20078.052405947732	190.27380952380952	2015	Science Fiction
74	12958.013513513513	16585.336231953388	182.1891891891892	2016	Science Fiction
41	10157.682926829268	16038.222215605945	217.0731707317073	2017	Science Fiction
13	3742.6923076923076	4601.781569260817	77.23076923076923	2009	Sculpture
49	3224.8230628188776	3670.5438631018815	57.816326530612244	2010	Sculpture
99	4346.158585365372	6231.79397737137	105.35353535353535	2011	Sculpture
122	4027.9411466004417	5653.719921674885	75.14754098360656	2012	Sculpture
122	4130.2213114754095	5960.376222954422	68.84426229508196	2013	Sculpture
106	5376.226415094339	7776.937539154628	88.84905660377359	2014	Sculpture
74	9733.135135135135	12288.658280656144	71.70270270270271	2015	Sculpture
52	7131.442307692308	54566.83692932129	136.8846153846154	2016	Sculpture
61	6116.0327868852455	16541.36081983222	246.4262295081967	2017	Sculpture
26	3116.8076923076924	3420.9173020582934	35.88461538461539	2009	Shorts
525	4124.102419026693	4791.428456624349	51.17142857142857	2010	Shorts
1198	3949.68102752227	4537.130751009577	50.630217028380635	2011	Shorts
1308	4460.578570502978	5071.637184563033	57.32721712538226	2012	Shorts
1439	4958.4002779708135	5632.407532660807	66.21959694232106	2013	Shorts
962	5075.116424116424	5911.918737225126	68.14760914760915	2014	Shorts
489	5196.658486707566	5999.555124731395	61.02249488752556	2015	Shorts
408	5474.541666666667	6162.619657179888	56.42156862745098	2016	Shorts
318	9134.154088050314	10256.422594658234	63.5314465408805	2017	Shorts
1	10000.0	11047.0	212.0	2013	Small Batch
156	6948.9807692307695	10119.382247924805	139.5	2014	Small Batch
159	8505.050314465409	12166.551456859277	149.47169811320754	2015	Small Batch
131	7687.595419847328	10642.924743186426	139.0229007633588	2016	Small Batch
110	8583.972727272727	11393.24454012784	135.42727272727274	2017	Small Batch
13	3969.153846153846	4988.616131122296	61.23076923076923	2009	Software
25	5143.28	13743.7485546875	364.44	2010	Software
16	13357.5625	16100.8388671875	266.9375	2011	Software
33	14143.151219223484	23680.764803799717	674.2727272727273	2012	Software
52	26332.346153846152	41437.373698307914	698.0384615384615	2013	Software
68	12087.558823529413	17406.066323673025	358.8235294117647	2014	Software
75	8476.826666666666	14815.474820963542	263.0933333333333	2015	Software
52	12526.0	37510.415114182695	915.8653846153846	2016	Software
37	23564.432432432433	36152.07775548987	315.2162162162162	2017	Software
5	7505.0	39585.9119140625	214.6	2011	Sound
11	38363.63636363636	80016.18179598721	299.27272727272725	2012	Sound
11	40090.90909090909	76558.27645596591	576.9090909090909	2013	Sound
32	52707.84375	263270.08087158203	951.28125	2014	Sound
62	29265.532258064515	103386.4591891381	568.483870967742	2015	Sound
79	37071.759493670885	166929.46306214153	1014.5822784810126	2016	Sound
74	29019.594594594593	160103.10298775337	884.972972972973	2017	Sound
1	200.0	296.0	16.0	2010	Space Exploration
5	8700.0	20437.7375	143.0	2011	Space Exploration
16	16591.25	31097.214263916016	614.0625	2012	Space Exploration
9	117755.55555555556	179655.91501193575	2136.3333333333335	2013	Space Exploration
20	36452.55	44340.267590332034	546.7	2014	Space Exploration
28	35540.17857142857	83694.26967075893	1370.75	2015	Space Exploration
21	13765.047619047618	30137.66863141741	373.5238095238095	2016	Space Exploration
20	18296.4	128189.49946289063	242.75	2017	Space Exploration
1	500.0	1066.0	32.0	2010	Spaces
4	41375.0	45359.95910644531	503.0	2012	Spaces
9	23722.222222222223	31062.6689453125	317.6666666666667	2013	Spaces
75	17119.306666666667	20389.584069010416	188.94666666666666	2014	Spaces
73	14797.260273972603	17219.268594820205	156.12328767123287	2015	Spaces
66	14529.757575757576	17238.839828953598	172.92424242424244	2016	Spaces
67	16640.298507462685	18647.90524428638	139.19402985074626	2017	Spaces
1	500.0	526.0	19.0	2011	Stationery
1	6000.0	6679.0	119.0	2013	Stationery
10	1969.5	4549.35	136.4	2014	Stationery
22	1080.2727272727273	2591.9545454545455	109.22727272727273	2015	Stationery
27	1844.7037037037037	4287.963324652777	119.22222222222223	2016	Stationery
16	7086.875	42443.5	124.0	2017	Stationery
5	3074.4	3762.90400390625	90.8	2009	Tabletop Games
23	4193.0	8106.427798063859	164.56521739130434	2010	Tabletop Games
121	6723.644628099173	16577.988418452995	330.26446280991735	2011	Tabletop Games
456	8739.28947368421	42310.78972987125	529.1842105263158	2012	Tabletop Games
955	10465.02722513089	51653.97433444517	608.1183246073299	2013	Tabletop Games
1218	8821.552545155993	39186.84818990673	561.88013136289	2014	Tabletop Games
1405	10676.493238434165	61850.84884463273	846.844128113879	2015	Tabletop Games
1704	11027.213028169013	72569.36423979567	842.3427230046948	2016	Tabletop Games
1979	11101.531076301162	66377.7690577572	767.3572511369379	2017	Tabletop Games
3	4766.666666666667	7736.599934895833	129.33333333333334	2014	Taxidermy
1	3000.0	4151.0	14.0	2015	Taxidermy
1	500.0	502.0	14.0	2016	Taxidermy
4	1250.0	1531.25	34.75	2009	Technology
18	6145.888888888889	7043.870456271701	79.05555555555556	2010	Technology
53	12723.132075471698	40079.43236613723	503.39622641509436	2011	Technology
122	27523.139344262294	103636.80775726818	752.5983606557377	2012	Technology
190	23081.48947368421	66866.72418726872	703.1105263157895	2013	Technology
228	23072.574561403508	82301.39369389048	793.5131578947369	2014	Technology
250	28608.052	106450.5869169922	934.136	2015	Technology
243	32429.263374485596	116460.75640994728	707.6625514403293	2016	Technology
209	40688.311004784686	107855.84019886363	529.7894736842105	2017	Technology
4	21375.0	32940.1376953125	255.0	2013	Television
49	10524.959183673469	12194.962895607461	116.6734693877551	2014	Television
48	52827.083333333336	132697.90633138022	1103.2708333333333	2015	Television
28	10531.142857142857	11955.482500348773	75.60714285714286	2016	Television
27	14271.407407407407	21551.052083333332	218.66666666666666	2017	Television
1	1000.0	1075.0	19.0	2010	Textiles
2	4500.0	8927.3095703125	97.0	2012	Textiles
1	2100.0	2436.0	50.0	2013	Textiles
14	5300.357142857143	5986.609305245535	70.14285714285714	2014	Textiles
20	4110.05	4729.282995605468	42.2	2015	Textiles
18	10484.166666666666	14849.448337131076	89.11111111111111	2016	Textiles
21	4788.142857142857	8638.06287202381	108.61904761904762	2017	Textiles
23	2688.6521739130435	2894.4421705163045	37.608695652173914	2009	Theater
351	3212.78236497841	3640.7776419702077	50.105413105413106	2010	Theater
952	3562.6785923292655	4045.1014518657653	54.035714285714285	2011	Theater
1147	4614.301883607713	5260.560966511654	70.1691368788143	2012	Theater
939	6367.428115015974	7263.070861621406	87.03194888178913	2013	Theater
504	6011.099206349207	6825.529680585104	83.48809523809524	2014	Theater
223	4537.533632286995	5023.169236016381	62.29596412556054	2015	Theater
144	9324.680555555555	10655.10337914361	73.40277777777777	2016	Theater
122	5655.008196721312	6455.785737584849	65.40983606557377	2017	Theater
1	100000.0	159015.875	1050.0	2012	Thrillers
1	9230.0	10744.0	104.0	2013	Thrillers
40	11177.725	13782.203436279297	95.925	2014	Thrillers
58	20139.620689655174	30013.603636642983	155.3448275862069	2015	Thrillers
61	7950.0	9590.727857245774	85.32786885245902	2016	Thrillers
39	9277.051282051281	10402.795635516826	78.61538461538461	2017	Thrillers
1	3500.0	3676.010009765625	83.0	2009	Translations
2	6250.0	11355.5048828125	182.0	2011	Translations
2	4500.0	4691.0	50.5	2012	Translations
1	1860.0	2225.360107421875	8.0	2013	Translations
9	6231.111111111111	10535.0	199.44444444444446	2014	Translations
7	3914.285714285714	4676.285714285715	45.285714285714285	2015	Translations
13	13569.23076923077	14361.795372596154	128.07692307692307	2016	Translations
10	6100.0	7807.061010742187	156.5	2011	Typography
5	4750.0	6651.44599609375	151.6	2012	Typography
6	7400.0	11597.309895833334	311.5	2013	Typography
5	17915.2	306722.2203125	3195.8	2014	Typography
17	6171.529411764706	14029.720588235294	361.52941176470586	2015	Typography
6	9986.666666666666	16173.666666666666	248.33333333333334	2016	Typography
14	10931.785714285714	17991.88357979911	170.57142857142858	2017	Typography
1	10000.0	10202.830078125	241.0	2012	Vegan
6	19166.666666666668	26044.683268229168	603.1666666666666	2013	Vegan
40	7089.575	10737.391943359375	198.725	2014	Vegan
50	16032.7	21425.182890625	288.02	2015	Vegan
43	9475.697674418605	11208.968386627907	139.48837209302326	2016	Vegan
45	15631.68888888889	20692.878656684028	263.35555555555555	2017	Vegan
2	3650.0	4610.5	38.0	2010	Video
2	6000.0	6164.5	49.0	2013	Video
11	8006.545454545455	9875.949063387785	108.63636363636364	2014	Video
14	4240.357142857143	4703.000732421875	65.42857142857143	2015	Video
7	13471.285714285714	15249.341744559151	219.57142857142858	2016	Video
15	8832.0	11703.891292317709	152.06666666666666	2017	Video
1	2000.0	2822.0	67.0	2010	Video Art
2	21000.0	28942.4951171875	257.5	2012	Video Art
2	3500.0	3586.6700439453125	71.5	2013	Video Art
10	5459.5	5999.477001953125	52.9	2014	Video Art
17	5419.882352941177	5873.514763327206	66.11764705882354	2015	Video Art
9	3188.4444444444443	3298.86666531033	46.44444444444444	2016	Video Art
10	7209.9	8285.573999023438	46.9	2017	Video Art
14	2533.6428571428573	2984.007149832589	42.785714285714285	2009	Video Games
38	3554.4736842105262	6624.843650416324	98.0	2010	Video Games
92	9145.75	14559.204985245415	384.95652173913044	2011	Video Games
306	64747.709150326795	135742.25854192994	2907.627450980392	2012	Video Games
434	50101.4331797235	101327.18039917835	2108.1428571428573	2013	Video Games
423	27866.572104018913	46404.31544772389	1259.4728132387706	2014	Video Games
370	44975.02972972973	109329.75310815347	1945.7513513513513	2015	Video Games
380	25411.121052631577	40912.98053275661	909.2315789473685	2016	Video Games
329	26131.06686930091	53800.63163966031	983.6656534954408	2017	Video Games
4	85000.0	237617.8828125	1238.5	2013	Wearables
63	47442.857142857145	101637.02310035343	847.3492063492064	2014	Wearables
110	41583.218181818185	134177.2537109375	933.9545454545455	2015	Wearables
110	36675.990909090906	159266.3798650568	1148.9454545454546	2016	Wearables
101	39147.07920792079	264977.23943185335	1258.6831683168316	2017	Wearables
1	5000.0	5395.0	53.0	2011	Weaving
2	2769.0	2890.0	60.0	2012	Weaving
1	500.0	2331.0	72.0	2013	Weaving
5	1170.0	2475.6	77.0	2014	Weaving
7	2811.4285714285716	3334.285714285714	33.0	2015	Weaving
3	108633.33333333333	119884.20833333333	60.0	2016	Weaving
8	6431.25	17885.4375	160.75	2017	Weaving
1	50000.0	55598.8203125	1070.0	2011	Web
2	50000.0	96970.751953125	1684.0	2012	Web
7	28153.571428571428	37713.509486607145	571.4285714285714	2013	Web
102	19124.833333333332	65604.72755162856	1247.264705882353	2014	Web
182	9426.384615384615	12000.50187104613	148.03296703296704	2015	Web
89	12967.58426966292	16035.769724642292	191.12359550561797	2016	Web
60	10428.833333333334	13826.389451090496	122.51666666666667	2017	Web
1	7500.0	13194.5	318.0	2009	Webcomics
1	10000.0	27226.0	358.0	2011	Webcomics
4	7687.5	36522.53271484375	854.0	2012	Webcomics
3	9500.0	95143.55729166667	2220.0	2013	Webcomics
62	6609.806451612903	18836.707251764114	402.2903225806452	2014	Webcomics
106	8773.018867924528	23861.871415336176	425.4433962264151	2015	Webcomics
91	9652.373626373626	22477.625539255667	437.9010989010989	2016	Webcomics
90	10514.777777777777	28947.95474243164	415.43333333333334	2017	Webcomics
13	3823.076923076923	4371.259239783654	73.61538461538461	2009	Webseries
76	4756.039473684211	5496.9394667776005	64.60526315789474	2010	Webseries
214	5973.696261682243	8321.943765230268	135.04205607476635	2011	Webseries
320	8576.004150390625	10987.836761665345	163.00625	2012	Webseries
406	9754.953201970444	13510.294018599787	189.19458128078819	2013	Webseries
263	9598.80988593156	11601.909663791439	150.0874524714829	2014	Webseries
178	11836.713483146068	14678.600022465995	165.6573033707865	2015	Webseries
134	11540.880597014926	12897.099251362815	100.53731343283582	2016	Webseries
94	18782.72340425532	21797.776991823885	179.38297872340425	2017	Webseries
2	4600.0	5953.344970703125	67.0	2012	Woodworking
4	5125.0	5849.0	94.75	2013	Woodworking
36	1756.25	3172.5313856336807	43.27777777777778	2014	Woodworking
109	3493.4495412844035	7837.722573376577	85.5229357798165	2015	Woodworking
82	2710.3048780487807	5504.44658084032	56.81707317073171	2016	Woodworking
59	2795.423728813559	5535.7098388671875	51.610169491525426	2017	Woodworking
1	1000.0	1050.0	34.0	2011	Workshops
3	3300.0	3946.3333333333335	54.0	2012	Workshops
1	1900.0	2300.0	34.0	2013	Workshops
14	2046.4285714285713	2685.214285714286	38.285714285714285	2014	Workshops
13	3911.6923076923076	4673.538461538462	59.07692307692308	2015	Workshops
8	6601.875	7534.625	66.0	2016	Workshops
10	39880.0	40586.175	67.3	2017	Workshops
6	9625.0	10464.365051269531	97.66666666666667	2009	World Music
52	5091.1828848031855	5684.270379873423	71.11538461538461	2010	World Music
138	4685.159420289855	5587.376009733781	84.28985507246377	2011	World Music
166	5137.6626506024095	6093.600841843938	87.87951807228916	2012	World Music
141	6339.9503546099295	8547.642870314578	122.88652482269504	2013	World Music
122	6704.475409836065	7550.1841070456585	101.51639344262296	2014	World Music
134	7505.880597014925	8790.309033749709	93.30597014925372	2015	World Music
88	8617.852272727272	22769.756601507015	212.47727272727272	2016	World Music
75	10192.906666666666	12681.567278645833	138.10666666666665	2017	World Music
1	1500.0	1501.5	30.0	2011	Young Adult
1	2000.0	2000.0	25.0	2012	Young Adult
3	3700.0	3881.5032552083335	62.0	2013	Young Adult
42	2599.785714285714	3176.655000232515	58.142857142857146	2014	Young Adult
47	6038.574468085107	7419.234042553191	82.61702127659575	2015	Young Adult
47	4441.765957446809	6063.278941053025	105.34042553191489	2016	Young Adult
31	3704.8387096774195	4247.4506097609	48.74193548387097	2017	Young Adult
2	1800.0	3650.625	119.0	2012	Zines
5	870.0	1041.283984375	51.2	2013	Zines
35	2832.5714285714284	3470.860569545201	102.2	2014	Zines
38	3525.842105263158	5927.89102654708	113.55263157894737	2015	Zines
45	4829.644444444444	8706.156460910373	127.95555555555555	2016	Zines
54	3434.1666666666665	4596.979649296513	87.57407407407408	2017	Zines
